0 901 4144030.2
0 904 4086821.8
0 906 4061347.0
0 907 4009855.8
0 926 3960355.8
0 933 3934014.2
0 934 3808947.8
0 935 3786080.2
0 937 3614496.0
0 938 3539361.2
0 954 3538530.8
0 956 3510640.8
0 959 3213907.5
0 988 3125251.2
0 989 3092034.0
1 999 2990884.5
1 1001 2946605.8
1 1002 2904096.8
1 1004 2833298.8
1 1011 2772400.2
1 1019 2759824.2
1 1020 2722517.5
1 1022 2677429.2
1 1026 2558213.5
1 1037 2526705.5
1 1049 2513652.5
1 1050 2475574.8
1 1076 2464113.8
1 1077 2431727.2
1 1078 2417321.5
1 1091 2395825.5
2 1126 2392293.8
2 1140 2307460.2
2 1143 2286683.5
